 CHROM POS SNP A1_y A2_y b_y se_y PVAL NGT FCAS FCON IMPINFO NEFFDIV2 NCAS NCON DIRE pval(-log10) p_y A2 A1 b se P N
1 3 89466339 rs35968370 T A -0.0121953336998771 0.0096 0.2052 1 0.594 0.593 0.963 50981.48 41917 371549 -+++++-+-++-+++-------+----++-++++++-+--++++++++-++-++--- 0.687822643560221 0.2052 A T 0.055138 0.010001 3.56451133426244e-08 20859
2 4 38613107 rs34494851 G C 0.0021022080918702 0.01 0.8375 1 0.678 0.688 0.993 50981.48 41917 371549 ++--++-+++---+-+-+-----+-+++-----+-+-+-+-+-++-+++--++++-- 0.0770151842911171 0.8375 C G -0.059752 0.010181 4.458615279480711e-09 20859
3 6 29048689 rs3129787 T A -0.0246048038572487 0.0114 0.03131 2 0.745 0.737 0.989 45305.71 39040 137033 ++--++-+-----+++---+-+++-+++-+-+-++++++++-+++++?-?-----++ 1.50431693238308 0.03131 A T 0.070439 0.010828 7.943282347242819e-11 20859
4 8 130645692 rs55705857 G A -0.0135971385060249 0.0214 0.5255 1 0.939 0.934 0.833 49826.66 40667 370423 -+-++++-++-+-+++++--?++-++---++-+++++----+--+++++-+-?--?- 0.279427279635739 0.5255 A G -0.16679 0.021502 9.09913272632251e-15 20859
5 9 22026594 rs613312 A G -0.0096037361426946 0.0094 0.3087 1 0.58 0.578 1.0 50981.48 41917 371549 ----++-+++-++---+-++-+---++++----+++-+-+-----++-+--+---+- 0.510463370517905 0.3087 G A -0.064865 0.0099507 7.26105957435156e-11 20859
6 8 101677693 rs1693568 A G 0.0122041688389067 0.0094 0.1939 1 0.536 0.557 0.992 50981.48 41917 371549 +--+++-+-+++++------++++++++++-+-+-+-+-+++--+++++-+++--+- 0.712422190921295 0.1939 G A -0.06124 0.0098125 4.42996199100363e-10 20859
7 17 44161470 rs80028338 C A 0.0235962138551867 0.0123 0.05529 1 0.807 0.815 0.936 50981.48 41917 371549 +-----++-----+++++++-----------------+++---+--++-----+--+ 1.25735341006126 0.05529 A C -0.098595 0.01245 2.50610925303211e-15 20859
8 5 139727260 rs3776089 A G -0.001099395443301 0.0105 0.9156 1 0.272 0.256 0.994 50981.48 41917 371549 --+++-+-+-+++-+++--++---+----++---++-++-+--+-+---+--+--+- 0.0382942159974947 0.9156 G A -0.13594 0.011125 3.20626932450547e-34 20859
9 22 31870400 rs5753639 T C 0.0310985871020312 0.0101 0.001979 7 0.687 0.677 0.994 50981.48 41917 371549 +--++++--++-+++-++-++++-+++++--++++++-+-+--+-+++--++--++- 2.7035542057936 0.001979 C T -0.058432 0.010595 3.52533181195886e-08 20859
10 22 38474952 rs1004763 T C -0.0051964749068174 0.0096 0.5892 2 0.417 0.39 0.97 50981.48 41917 371549 ---++--++--+-++++++-----+-++-+++-----+-+++++++----++--+-- 0.229737261829407 0.5892 C T 0.094332 0.0098779 1.43879857825585e-21 20859
11 22 30950360 rs2267158 C T -0.0347974835421732 0.01 0.0005227 10 0.679 0.676 0.978 50981.48 41917 371549 -+-+++--+++++++--+++-++--++---+-+-+++-+-++-+++-++++-+-++- 3.28174749990225 0.0005227 T C 0.098892 0.010571 9.16220490121999e-21 20859
12 14 75322794 rs8014204 A G -0.0080971295874548 0.0093 0.3834 33 0.467 0.483 0.998 50981.48 41917 371549 -+-++++--++++-++----+--++++++---++---+-++---+-++-++-++-+- 0.416347891457956 0.3834 G A 0.054818 0.0097529 1.92619388592495e-08 20859
13 7 541830 rs13225457 A G -0.0061013488579762 0.0185 0.7417 1 0.645 0.606 0.389 41459.43 34543 356269 -+????-???+++++-+--??-----?-+---?+---+--+++-++?+-+++--+-- 0.129771720988206 0.7417 G A 0.0691 0.010087 7.58577575029185e-12 20859
14 8 120907990 rs4871013 T C 0.0111013930711739 0.0094 0.236 1 0.444 0.452 0.995 50981.48 41917 371549 -++++-++++--++--+-+++++----+--+++-+-+----+-++++-----+-++- 0.627087997029893 0.236 C T 0.065801 0.0099013 3.09029543251359e-11 20859
15 4 54032319 rs6554068 A G -0.0077995046323818 0.0097 0.4178 1 0.367 0.356 0.997 50981.48 41917 371549 -+++--+++++-++-+--+--+-++--++++--+--+-+---+--++----+--+++ 0.37903156435571 0.4178 G A -0.073768 0.010067 2.42661009508242e-13 20859
16 1 156615114 rs2365715 G A -0.0097027754613851 0.0107 0.3647 4 0.615 0.612 0.82 50035.72 40997 370576 +++-----+++++----++-?++++--++++---+-+-+-++-----+-+++-+--+ 0.438064236686219 0.3647 A G 0.071629 0.010525 1.0327614057614e-11 20859
17 3 183395135 rs16857992 T C 0.0003000450090019 0.0164 0.9875 1 0.906 0.91 0.956 50981.48 41917 371549 ----+--+++++++--++---+-----+++++-+++++---+-------+-++---+ 0.0054628957015021 0.9875 C T 0.092691 0.016637 2.559764430599e-08 20859
18 5 82860025 rs10052710 G T 0.017502275136142 0.0117 0.1331 0 0.794 0.804 0.998 50186.29 41510 354340 -+---+-+-++-------+---------+--++++--+++----+++-?-+-++--- 0.875821944525325 0.1331 T G -0.17842 0.01221 4.0364539296760596e-48 20859
19 5 81877612 rs10039529 A G -0.0116024307308398 0.0097 0.2352 1 0.362 0.364 0.989 50981.48 41917 371549 ----++----++++++++---+++---+-+++++-+++++-----+--+----+--+ 0.628562682595899 0.2352 G A 0.064446 0.010318 4.30130263382136e-10 20859
20 5 82770558 rs11746859 G A 0.0176956485356892 0.0095 0.06133 20 0.55 0.559 0.984 50981.48 41917 371549 ----+--+------+-+--+-+-++++-+--+-----+--+--+++-++-+-----+ 1.21232703531251 0.06133 A G -0.072665 0.0098371 1.55955250282695e-13 20859
21 16 99353 rs77046488 G A 0.0062998021485279 0.0126 0.6154 1 0.797 0.782 0.857 50035.72 40997 370576 --+--++--+-+++-+++--?--+-+-+++--+-----+-+-+-+-++-+---++++ 0.21084250808856 0.6154 A G -0.068189 0.012114 1.83653834334835e-08 20859
22 16 993497 rs2382944 A G 0.0085968472255182 0.0119 0.4677 1 0.799 0.811 0.962 50981.48 41917 371549 ++++-+++--++-+-+--++++--+-+----+---+-++---+-+-+-++-+---+- 0.330032630091496 0.4677 G A -0.072377 0.012494 7.017784049149891e-09 20859
