 CHROM POS SNP A1_y A2_y b_y se_y PVAL NGT FCAS FCON IMPINFO NEFFDIV2 NCAS NCON DIRE pval(-log10) p_y A2 A1 b se P N
1 5 76439250 rs6885904 A G -0.0170045988158238 0.0097 0.07932 27 0.429 0.402 0.954 50981.48 41917 371549 -+-+-+-----+-++++-+-+-+--++-----+++---++----++-------+--- 1.10061729446673 0.07932 G A 0.075245 0.0098177 1.87931681680326e-14 20859
2 6 31238522 rs9264644 T C 0.0243029385231735 0.0108 0.02464 1 0.734 0.748 0.979 50981.48 41917 371549 +++---+-+++-+-+++-+++--+-++----+-++++-+++-++++++-+++-++-- 1.60835929650761 0.02464 C T -0.060268 0.011022 4.60044666393478e-08 20859
3 6 26093141 rs1800562 A G -0.0298014912367898 0.0194 0.1232 34 0.937 0.93 0.99 49877.77 40740 368504 +++----+++---+--++?--+----++--?+++-+--++-?---++-+--+?--?? 0.909389292171593 0.1232 G A 0.17618 0.018325 7.726805850957049e-22 20859
4 9 22026834 rs1591136 C G 0.0099998320783335 0.0093 0.2831 1 0.527 0.537 1.0 50981.48 41917 371549 +++++-----++---+++---++-+-++-++++---+-+-+++++--+-++--++-+ 0.548060130634897 0.2831 G C 0.066369 0.0098291 1.49279440957899e-11 20859
5 8 75093123 rs2956029 G A -0.0020977980821461 0.0127 0.8715 1 0.159 0.154 0.996 50981.48 41917 371549 ---++---+---+--++-++--+++--+-++-+-------++--+++-++-+-+-++ 0.059732608553988 0.8715 A G 0.081983 0.013331 7.90496588476486e-10 20859
6 8 101679224 rs2978101 G T 0.0122952780941516 0.0094 0.1898 1 0.536 0.557 0.988 50981.48 41917 371549 0++---+-+-----++++++----------+-+-+-+-+---++--+--+---++-+ 0.721703791908726 0.1898 T G -0.075027 0.0098109 2.1428906011200602e-14 20859
7 17 42919244 rs12946433 C G -0.0017983819413794 0.0096 0.8509 1 0.623 0.608 0.995 50981.48 41917 371549 +++--+++--+---+++++-++-+-++-+--------++-+---++--++++--+++ 0.0701214763432167 0.8509 G C -0.062005 0.010137 9.72747223776964e-10 20859
8 2 190357244 rs115091741 C G -0.0236969951765786 0.0262 0.366 1 0.965 0.966 0.958 49917.38 40810 370078 -------+-++-----++?+---+++-+-+++++-?++-+--++-+----+-??+?? 0.436518914605589 0.366 G C 0.20562 0.025715 1.35207256319428e-15 20859
9 5 139720400 rs2237077 C T 0.0018016219466282 0.0104 0.8625 48 0.725 0.74 0.999 50981.48 41917 371549 --+++-+-+-+++-+++--++---++---++---+--++-+--+-+---+--+--+- 0.0642408962546882 0.8625 T C 0.063174 0.011065 1.15027054779012e-08 20859
10 22 30953295 rs2267161 T C -0.031799009548949 0.0101 0.001626 50 0.688 0.688 0.988 50981.48 41917 371549 --+---++-------++---+--++--+++-+-+---+-+--+---+----+++--- 2.78887945874195 0.001626 C T 0.079201 0.010627 9.50604793656281e-14 20859
11 7 543327 rs9692245 C T -0.0044998604248922 0.0182 0.8063 1 0.641 0.605 0.389 41459.43 34543 356269 +-????+???-----+-++??++-++?+-+++?--++-++---+--?-+---++-++ 0.093503340200647 0.8063 T C 0.06072 0.010112 1.94894686986205e-09 20859
12 5 82859065 rs17205972 T G 0.0193969096107316 0.0116 0.09314 1 0.796 0.802 0.998 50981.48 41917 371549 +-+++---+--+++++++-+++++++-+-++----++---+-+++--+++-+--+++ 1.03086376640329 0.09314 G T -0.091931 0.012285 7.55092227665434e-14 20859
13 10 18252380 rs692077 A G 0.0060985584618694 0.0099 0.5394 2 0.337 0.317 0.991 50981.48 41917 371549 ++--++---+++---++++--++-+++++++---++-++--+++--++-+-++++-- 0.268089057883128 0.5394 G A -0.061827 0.010398 2.7912581233434703e-09 20859
