 CHROM POS SNP A1_y A2_y b_y se_y PVAL NGT FCAS FCON IMPINFO NEFFDIV2 NCAS NCON DIRE pval(-log10) p_y A2 A1 b se P N
1 16 60843145 rs1423881 C G 0.0648052233661156 0.0453 0.1525 2 0.984 0.987 0.98 33851.36 28960 285278 ??++--??+++++?+-+-?-+++??+?++???+?+????+??--+-?+++?-????? 0.816730156317195 0.1525 G C -0.28719 0.05113 1.96879274353661e-08 20859
2 6 31135735 rs9263805 C A 0.0028039273327342 0.0121 0.8159 0 0.438 0.441 0.695 45336.5 38618 160765 ---+--+-+------+---+?++-+++-+++---+--+---+-+--+??-+--+++- 0.0883630668705579 0.8159 A C -0.068338 0.01216 1.93597613764144e-08 20859
3 6 26173767 rs9379830 C T 0.0344051267241774 0.0109 0.001652 2 0.756 0.75 0.981 50981.48 41917 371549 -+-++-+--++-+-----+-++--+-++--+-++-++--+----++-------+--+ 2.78198995701564 0.001652 T C -0.066261 0.011737 1.6695521915543e-08 20859
4 19 45357939 rs2927468 G A -0.0097027754613851 0.0097 0.3149 1 0.469 0.435 0.936 50981.48 41917 371549 +++++-++-+--++++----+-+++-+--++-+++++++++++-----+++-----+ 0.501827339363456 0.3149 A G -0.055702 0.0099077 1.91029306916366e-08 20859
5 8 130645692 rs55705857 G A -0.0135971385060249 0.0214 0.5255 1 0.939 0.934 0.833 49826.66 40667 370423 -+-++++-++-+-+++++--?++-++---++-+++++----+--+++++-+-?--?- 0.279427279635739 0.5255 A G -0.13775 0.021512 1.55060078679425e-10 20859
6 3 13832611 rs4685022 G A 0.0026033858701149 0.0099 0.7901 1 0.348 0.333 0.981 50981.48 41917 371549 -++-++-+-++++-+--+++-+-+---+--+++--+-++++--++-+-+--+-+-+- 0.10231793820358 0.7901 A G -0.058011 0.010362 2.18927339822848e-08 20859
7 17 44355602 rs2696532 G A 0.0227979086760041 0.012 0.05814 1 0.793 0.811 0.948 50981.48 41917 371549 +-----+++---++--++++------+-----+----++---++--+---------+ 1.23552497256559 0.05814 A G -0.1009 0.012016 4.8752849010338504e-17 20859
8 11 61745953 rs2028062 A G 0.004701032558649 0.0099 0.6369 12 0.654 0.666 0.995 50981.48 41917 371549 --+-+++---+--+-+++-+---+-+---++-+--+++--+-+--++--+++-++-- 0.195928751114339 0.6369 G A -0.05833 0.010325 1.63230007281899e-08 20859
9 22 30953295 rs2267161 T C -0.031799009548949 0.0101 0.001626 50 0.688 0.688 0.988 50981.48 41917 371549 --+---++-------++---+--++--+++-+-+---+-+--+---+----+++--- 2.78887945874195 0.001626 C T 0.075033 0.010629 1.7218685749860098e-12 20859
10 7 556121 rs112008509 G A -0.0081963182244858 0.0243 0.735 1 0.862 0.862 0.392 44857.38 36817 363106 -+????--+?---++-?++??-+---?+-+++?-+++++-++--+-++++++----- 0.133712660915805 0.735 A G -0.092818 0.014268 7.9250133048047e-11 20859
11 5 82859065 rs17205972 T G 0.0193969096107316 0.0116 0.09314 1 0.796 0.802 0.998 50981.48 41917 371549 +-+++---+--+++++++-+++++++-+-++----++---+-+++--+++-+--+++ 1.03086376640329 0.09314 G T -0.13995 0.012263 4.49779854893287e-30 20859
12 11 44636833 rs2303865 A G -0.0053954185169075 0.0141 0.6995 1 0.864 0.877 0.938 50981.48 41917 371549 +---+-+-++-----+-++-+--+-+--+--+++-------+-+-+-+-+-++--++ 0.155212281172154 0.6995 G A -0.11404 0.01442 2.7415741719278902e-15 20859
13 1 65329100 rs2780902 T C -0.0154992634469238 0.0109 0.1543 12 0.759 0.764 0.998 50981.48 41917 371549 +----+----+-+-----+---++-+-+--++-++------++--+++--+--+--+ 0.811634073936852 0.1543 C T 0.086206 0.011739 2.15278173472437e-13 20859
14 10 18249664 rs691159 A T 0.0054950702819798 0.01 0.5804 1 0.325 0.305 0.99 50981.48 41917 371549 ++---+---+++---++++---+++-+++++---++-++--+++--++-+-++++-- 0.236272596234302 0.5804 T A -0.06264 0.010502 2.49344618809783e-09 20859
