 CHROM POS SNP A1_y A2_y b_y se_y PVAL NGT FCAS FCON IMPINFO NEFFDIV2 NCAS NCON DIRE pval(-log10) p_y A2 A1 b se P N
1 12 118443690 rs11068773 A G 0.0031950988965408 0.0098 0.747 1 0.614 0.613 0.959 50981.48 41917 371549 -++--------+-+--+-++++--++++--------++++--++++-+-+----+++ 0.126679398184601 0.747 G A -0.070512 0.010097 2.96483138952434e-12 20859
2 6 32615945 rs17612712 T A -0.0515007728624032 0.0185 0.005289 0 0.74 0.597 0.384 48263.34 39886 351446 ---+?++-+?++-------+?+++-+--++-++++--+++-++++-+-?++++++++ 2.27662643298102 0.005289 A T 0.065363 0.010577 6.53732385228796e-10 20859
3 8 130645692 rs55705857 G A -0.0135971385060249 0.0214 0.5255 1 0.939 0.934 0.833 49826.66 40667 370423 -+-++++-++-+-+++++--?++-++---++-+++++----+--+++++-+-?--?- 0.279427279635739 0.5255 A G -0.18301 0.021496 1.79473362683253e-17 20859
4 17 42999702 rs76238604 T C -0.0250047589895661 0.0135 0.06496 1 0.86 0.884 0.986 50981.48 41917 371549 +---------+++-+-------+----+-+++-++++--+++-+---++---+0--- 1.18735398376688 0.06496 C T 0.13788 0.014127 1.87499450806742e-22 20859
5 5 139726292 rs4150197 T C 0.0017014466397575 0.0105 0.8688 1 0.731 0.747 0.993 50981.48 41917 371549 ++---+-+-+--++---++--++---+++--+++--+--+-++-+-+++-++-++-+ 0.0610801877552283 0.8688 C T 0.067036 0.011196 2.1657084947100703e-09 20859
6 22 30953295 rs2267161 T C -0.031799009548949 0.0101 0.001626 50 0.688 0.688 0.988 50981.48 41917 371549 --+---++-------++---+--++--+++-+-+---+-+--+---+----+++--- 2.78887945874195 0.001626 C T 0.08376 0.010626 3.3573761424295504e-15 20859
7 7 543327 rs9692245 C T -0.0044998604248922 0.0182 0.8063 1 0.641 0.605 0.389 41459.43 34543 356269 +-????+???-----+-++??++-++?+-+++?--++-++---+--?-+---++-++ 0.093503340200647 0.8063 T C 0.06358 0.010111 3.27868731174549e-10 20859
8 4 54109634 rs6810608 C T -0.0082954970241069 0.0099 0.4024 1 0.325 0.317 1.0 50981.48 41917 371549 +---+------++-+--+-++-+-+++---+++-++-+-+++++++-++++-++--- 0.395342027952129 0.4024 T C -0.062835 0.01036 1.34060242299783e-09 20859
9 1 156615114 rs2365715 G A -0.0097027754613851 0.0107 0.3647 4 0.615 0.612 0.82 50035.72 40997 370576 +++-----+++++----++-?++++--++++---+-+-+-++-----+-+++-+--+ 0.438064236686219 0.3647 A G 0.058852 0.010529 2.30462357415482e-08 20859
10 5 81882387 rs2385888 C T -0.0081963182244858 0.01 0.4152 10 0.321 0.325 0.993 50981.48 41917 371549 +-++--++++--------+++----++-+--+--+---+-+-++++++---+---++ 0.381742655159599 0.4152 T C 0.062134 0.010487 3.1754114028918304e-09 20859
11 5 82728926 rs33593 G A 0.0098988321792475 0.0096 0.3015 1 0.391 0.382 0.989 50981.48 41917 371549 ++--------+--+-----++---+-+----++----++-++--+++++-++--+-+ 0.52071268352383 0.3015 A G -0.072239 0.010132 1.03514216667935e-12 20859
12 5 82859065 rs17205972 T G 0.0193969096107316 0.0116 0.09314 1 0.796 0.802 0.998 50981.48 41917 371549 +-+++---+--+++++++-+++++++-+-++----++---+-+++--+++-+--+++ 1.03086376640329 0.09314 G T -0.19204 0.01223 2.97851642942917e-55 20859
13 3 132345723 rs78240150 C T -0.0133998200630165 0.017 0.4284 1 0.915 0.921 0.98 50890.96 41773 371483 --+++++------+++++--+---+-++--+-----++-++--+++++-+-+++-?- 0.368150537840182 0.4284 T C -0.096877 0.017411 2.66624466831252e-08 20859
14 1 65307994 rs2780818 G T -0.0159028762794155 0.0109 0.1437 1 0.756 0.762 0.998 50981.48 41917 371549 -++++-++++-+--++++-+++--+-+-++--++-++++++--++---++-++-+-- 0.842543231865774 0.1437 T G 0.080071 0.011723 8.709635899560799e-12 20859
