 CHROM POS SNP A1_y A2_y b_y se_y PVAL NGT FCAS FCON IMPINFO NEFFDIV2 NCAS NCON DIRE pval(-log10) p_y A2 A1 b se P N
1 6 29155749 rs3129171 A G -0.0372957847436969 0.0116 0.001319 15 0.787 0.792 0.995 49209.73 41012 329635 --++-+-----++---+++++---+---+-+++----+--++-----++?++++-+- 2.87975520445363 0.001319 G A 0.06703 0.011368 3.77050915833393e-09 20859
2 6 26159356 rs2183947 A G 0.0340015566760147 0.0109 0.001879 18 0.756 0.749 0.98 50981.48 41917 371549 +-+--+-++--+-+++++-+--++++--++-+--+--++-++++--+++++++-++- 2.72607321989947 0.001879 G A -0.068444 0.011734 5.529680004928011e-09 20859
3 8 130645692 rs55705857 G A -0.0135971385060249 0.0214 0.5255 1 0.939 0.934 0.833 49826.66 40667 370423 -+-++++-++-+-+++++--?++-++---++-+++++----+--+++++-+-?--?- 0.279427279635739 0.5255 A G -0.15771 0.021506 2.3227367963571097e-13 20859
4 8 101679224 rs2978101 G T 0.0122952780941516 0.0094 0.1898 1 0.536 0.557 0.988 50981.48 41917 371549 0++---+-+-----++++++----------+-+-+-+-+---++--+--+---++-+ 0.721703791908726 0.1898 T G -0.059455 0.009816 1.4112371484118501e-09 20859
5 17 43828764 rs79172804 A G 0.0263953113595316 0.0127 0.03749 1 0.818 0.841 0.938 50981.48 41917 371549 -+++++---+++---+----+++++-++++++++++---++-+-++---+++++++- 1.42608455957845 0.03749 G A -0.11299 0.012641 4.27562886151586e-19 20859
6 17 42959358 rs72828807 A G -0.0002999550089979 0.0106 0.9739 1 0.725 0.763 0.982 50981.48 41917 371549 +----------+--+--+------++++-++-++++++++-++++--+-+--++--- 0.0114856341663339 0.9739 G A 0.071162 0.011039 1.16923013483392e-10 20859
7 5 139727260 rs3776089 A G -0.001099395443301 0.0105 0.9156 1 0.272 0.256 0.994 50981.48 41917 371549 --+++-+-+-+++-+++--++---+----++---++-++-+--+-+---+--+--+- 0.0382942159974947 0.9156 G A -0.064625 0.011155 7.009709175843841e-09 20859
8 22 30953295 rs2267161 T C -0.031799009548949 0.0101 0.001626 50 0.688 0.688 0.988 50981.48 41917 371549 --+---++-------++---+--++--+++-+-+---+-+--+---+----+++--- 2.78887945874195 0.001626 C T 0.058539 0.010634 3.73422085430342e-08 20859
9 7 540741 rs1800814 A G 0.0146974807605841 0.0212 0.4901 1 0.516 0.512 0.336 35476.73 30446 161627 -+????-???-++-+-?+-??--+--?++?++?++-+++-+++--+??-+++----+ 0.30971529748737 0.4901 G A 0.058366 0.0098009 2.63997612935481e-09 20859
10 4 54109634 rs6810608 C T -0.0082954970241069 0.0099 0.4024 1 0.325 0.317 1.0 50981.48 41917 371549 +---+------++-+--+-++-+-+++---+++-++-+-+++++++-++++-++--- 0.395342027952129 0.4024 T C -0.075116 0.010356 4.20726628384445e-13 20859
11 1 156615114 rs2365715 G A -0.0097027754613851 0.0107 0.3647 4 0.615 0.612 0.82 50035.72 40997 370576 +++-----+++++----++-?++++--++++---+-+-+-++-----+-+++-+--+ 0.438064236686219 0.3647 A G 0.058096 0.010529 3.47456147497044e-08 20859
12 3 183363538 rs10513794 A G 0.0074980401773571 0.013 0.5625 12 0.843 0.85 0.986 50981.48 41917 371549 ++--+--+-+-+++++++-+-++----++++--+++-+---++-+----+-++---+ 0.2498774732166 0.5625 G A 0.093623 0.013285 1.87931681680326e-12 20859
13 5 82728926 rs33593 G A 0.0098988321792475 0.0096 0.3015 1 0.391 0.382 0.989 50981.48 41917 371549 ++--------+--+-----++---+-+----++----++-++--+++++-++--+-+ 0.52071268352383 0.3015 A G -0.064654 0.010134 1.81050613172181e-10 20859
14 5 82859065 rs17205972 T G 0.0193969096107316 0.0116 0.09314 1 0.796 0.802 0.998 50981.48 41917 371549 +-+++---+--+++++++-+++++++-+-++----++---+-+++--+++-+--+++ 1.03086376640329 0.09314 G T -0.17683 0.012241 4.45656248397504e-47 20859
15 19 7559586 rs7260586 C T -0.0159028762794155 0.0111 0.1514 1 0.404 0.389 0.762 50035.72 40997 370576 +-+-+--+-+++++---+-+?-++--+-++---++++-+---+++-+-+-++--+++ 0.819874124835946 0.1514 T C 0.058272 0.010628 4.23058085776524e-08 20859
