 CHROM POS SNP A1_y A2_y b_y se_y PVAL NGT FCAS FCON IMPINFO NEFFDIV2 NCAS NCON DIRE pval(-log10) p_y A2 A1 b se P N
1 6 29155749 rs3129171 A G -0.0372957847436969 0.0116 0.001319 15 0.787 0.792 0.995 49209.73 41012 329635 --++-+-----++---+++++---+---+-+++----+--++-----++?++++-+- 2.87975520445363 0.001319 G A 0.063612 0.011369 2.22894832450506e-08 20859
2 6 26145217 rs75499503 T C 0.0383978517965666 0.0111 0.0005329 1 0.759 0.75 0.964 50981.48 41917 371549 +-+--+-++--+-+++++-+--++-+--++-+----+++-++++--+++++++-++- 3.27335427975909 0.0005329 C T -0.06727 0.012023 2.23048855937761e-08 20859
3 8 130645692 rs55705857 G A -0.0135971385060249 0.0214 0.5255 1 0.939 0.934 0.833 49826.66 40667 370423 -+-++++-++-+-+++++--?++-++---++-+++++----+--+++++-+-?--?- 0.279427279635739 0.5255 A G -0.16768 0.021502 6.5765783735542005e-15 20859
4 8 101679224 rs2978101 G T 0.0122952780941516 0.0094 0.1898 1 0.536 0.557 0.988 50981.48 41917 371549 0++---+-+-----++++++----------+-+-+-+-+---++--+--+---++-+ 0.721703791908726 0.1898 T G -0.059454 0.009816 1.4122123332761802e-09 20859
5 17 44205690 rs4471723 T C 0.0216016445577609 0.0116 0.06301 1 0.787 0.806 0.986 50981.48 41917 371549 -+++++---++++-------++++++-+++++-++++---++--++--++++++++- 1.20059052038487 0.06301 C T -0.10898 0.011669 1.0592537251772901e-20 20859
6 5 139720400 rs2237077 C T 0.0018016219466282 0.0104 0.8625 48 0.725 0.74 0.999 50981.48 41917 371549 --+++-+-+-+++-+++--++---++---++---+--++-+--+-+---+--+--+- 0.0642408962546882 0.8625 T C 0.062632 0.011065 1.5321454648109e-08 20859
7 22 30667277 rs9608859 C T -0.0138042809763971 0.0095 0.1497 9 0.432 0.441 0.969 50981.48 41917 371549 +-+++-+-+++--++--++++++-++-+---+++-+--+++-+--++++-++-+-++ 0.824778199656948 0.1497 T C 0.056436 0.0099176 1.2835121968395e-08 20859
8 7 540741 rs1800814 A G 0.0146974807605841 0.0212 0.4901 1 0.516 0.512 0.336 35476.73 30446 161627 -+????-???-++-+-?+-??--+--?++?++?++-+++-+++--+??-+++----+ 0.30971529748737 0.4901 G A 0.062196 0.0097998 2.24594956744895e-10 20859
9 8 123030562 rs10111819 G A 0.0272992569378225 0.0219 0.212 1 0.939 0.944 0.816 49945.21 40853 370510 +-+--++---+--+-+-++-?--+-++---+++-+++-++-----+--+-+-+++?+ 0.673664139071249 0.212 A G -0.11956 0.021913 4.92039535681451e-08 20859
10 4 54109634 rs6810608 C T -0.0082954970241069 0.0099 0.4024 1 0.325 0.317 1.0 50981.48 41917 371549 +---+------++-+--+-++-+-+++---+++-++-+-+++++++-++++-++--- 0.395342027952129 0.4024 T C -0.073147 0.010357 1.68267406107047e-12 20859
11 1 156615114 rs2365715 G A -0.0097027754613851 0.0107 0.3647 4 0.615 0.612 0.82 50035.72 40997 370576 +++-----+++++----++-?++++--++++---+-+-+-++-----+-+++-+--+ 0.438064236686219 0.3647 A G 0.057976 0.010529 3.70766084000311e-08 20859
12 3 183355405 rs9858528 G A 0.0123965203365513 0.0107 0.2447 1 0.738 0.755 0.991 50981.48 41917 371549 --++------------+-+++----++----+++--+-+----++++++-----+-- 0.611366030648211 0.2447 A G 0.077475 0.011135 3.5563131856898498e-12 20859
13 5 82728926 rs33593 G A 0.0098988321792475 0.0096 0.3015 1 0.391 0.382 0.989 50981.48 41917 371549 ++--------+--+-----++---+-+----++----++-++--+++++-++--+-+ 0.52071268352383 0.3015 A G -0.064512 0.010134 1.98335292036793e-10 20859
14 5 82859065 rs17205972 T G 0.0193969096107316 0.0116 0.09314 1 0.796 0.802 0.998 50981.48 41917 371549 +-+++---+--+++++++-+++++++-+-++----++---+-+++--+++-+--+++ 1.03086376640329 0.09314 G T -0.17288 0.012243 4.58141886714535e-45 20859
