 CHROM POS SNP A1_y A2_y b_y se_y PVAL NGT FCAS FCON IMPINFO NEFFDIV2 NCAS NCON DIRE pval(-log10) p_y A2 A1 b se P N
1 12 118443690 rs11068773 A G 0.0031950988965408 0.0098 0.747 1 0.614 0.613 0.959 50981.48 41917 371549 -++--------+-+--+-++++--++++--------++++--++++-+-+----+++ 0.126679398184601 0.747 G A -0.059572 0.0101 3.73508078943063e-09 20859
2 6 29048689 rs3129787 T A -0.0246048038572487 0.0114 0.03131 2 0.745 0.737 0.989 45305.71 39040 137033 ++--++-+-----+++---+-+++-+++-+-+-++++++++-+++++?-?-----++ 1.50431693238308 0.03131 A T 0.063265 0.01083 5.25170109640413e-09 20859
3 8 101679224 rs2978101 G T 0.0122952780941516 0.0094 0.1898 1 0.536 0.557 0.988 50981.48 41917 371549 0++---+-+-----++++++----------+-+-+-+-+---++--+--+---++-+ 0.721703791908726 0.1898 T G -0.055635 0.0098171 1.47061841540456e-08 20859
4 17 42992252 rs76566528 A G -0.0226026252094292 0.0132 0.08579 1 0.852 0.874 0.991 50981.48 41917 371549 +---------+++-+--+----+-+--+-++--+++++-+++-++--++---+---- 1.06656333217372 0.08579 G A 0.1032 0.013768 6.87068440014232e-14 20859
5 22 31801664 rs5749266 G T 0.0363009797263316 0.0111 0.001133 0 0.717 0.721 0.956 46282.26 39538 161738 +++-----+--+------+----+-----++------+-+-+--++-??+--++-++ 2.9457700901366 0.001133 T G -0.064322 0.011129 7.587522640818471e-09 20859
6 7 541830 rs13225457 A G -0.0061013488579762 0.0185 0.7417 1 0.645 0.606 0.389 41459.43 34543 356269 -+????-???+++++-+--??-----?-+---?+---+--+++-++?+-+++--+-- 0.129771720988206 0.7417 G A 0.056844 0.010091 1.79308137708044e-08 20859
7 4 54135271 rs62324288 C G 0.0071958279818024 0.0099 0.4652 1 0.665 0.674 1.0 50981.48 41917 371549 +---+------++-++-+-++-+-+++---+++-++-+-+++-+0+-++++-++--- 0.332360293943589 0.4652 G C 0.064203 0.010252 3.85744728672476e-10 20859
8 3 183386962 rs6794358 T G 0.0083043861636152 0.0095 0.3823 1 0.556 0.566 0.986 50981.48 41917 371549 +---+++-++++--++------+-+--++++---++-+--++--+-++-+-+-+--+ 0.417595701980972 0.3823 G T 0.065654 0.0098902 3.2508729738543495e-11 20859
9 5 82770558 rs11746859 G A 0.0176956485356892 0.0095 0.06133 20 0.55 0.559 0.984 50981.48 41917 371549 ----+--+------+-+--+-+-++++-+--+-----+--+--+++-++-+-----+ 1.21232703531251 0.06133 A G -0.068938 0.0098383 2.5061092530321098e-12 20859
10 5 82861400 rs13164785 G T 0.019294956182969 0.0116 0.09552 38 0.797 0.803 1.0 50981.48 41917 371549 -+---+-+-++-------+---------+--+-++--+++-+---++---+-++--- 1.01990568621471 0.09552 T G -0.16654 0.012301 1.37404197501251e-41 20859
11 19 7559586 rs7260586 C T -0.0159028762794155 0.0111 0.1514 1 0.404 0.389 0.762 50035.72 40997 370576 +-+-+--+-+++++---+-+?-++--+-++---++++-+---+++-+-+-++--+++ 0.819874124835946 0.1514 T C 0.058477 0.010628 3.79227654525362e-08 20859
12 17 73862646 rs8081606 T C 0.0252049938352247 0.0121 0.03671 1 0.814 0.82 0.985 50981.48 41917 371549 +--+----+-+++--++-++-++-+--+----+---+++++-+++++++--+-++-- 1.43521561549601 0.03671 C T -0.072887 0.012514 5.8116573396224106e-09 20859
