 CHROM POS SNP A1_y A2_y b_y se_y PVAL NGT FCAS FCON IMPINFO NEFFDIV2 NCAS NCON DIRE pval(-log10) p_y A2 A1 b se P N
1 12 118443690 rs11068773 A G 0.0031950988965408 0.0098 0.747 1 0.614 0.613 0.959 50981.48 41917 371549 -++--------+-+--+-++++--++++--------++++--++++-+-+----+++ 0.126679398184601 0.747 G A -0.059749 0.0101 3.35814929586442e-09 20859
2 6 29048689 rs3129787 T A -0.0246048038572487 0.0114 0.03131 2 0.745 0.737 0.989 45305.71 39040 137033 ++--++-+-----+++---+-+++-+++-+-+-++++++++-+++++?-?-----++ 1.50431693238308 0.03131 A T 0.0731 0.010827 1.5031419660900198e-11 20859
3 8 101679224 rs2978101 G T 0.0122952780941516 0.0094 0.1898 1 0.536 0.557 0.988 50981.48 41917 371549 0++---+-+-----++++++----------+-+-+-+-+---++--+--+---++-+ 0.721703791908726 0.1898 T G -0.054968 0.0098173 2.18122265608352e-08 20859
4 17 42901884 rs113882147 C T -0.0125015292229252 0.0128 0.3288 1 0.841 0.865 0.987 50981.48 41917 371549 -+++++++++--++-++-++++-+-+-----++-----+-+----++--+++--+++ 0.483068191131987 0.3288 T C 0.10622 0.013513 3.99944749761098e-15 20859
5 4 85844790 rs1508669 T A 0.001100605444033 0.0095 0.9091 1 0.436 0.45 0.989 50981.48 41917 371549 ++-+-----+---++-+-+-----+-++--++--+-+++++-+-+-+--+--++-++ 0.0413883422351206 0.9091 A T 0.058086 0.0098457 3.6999853117285905e-09 20859
6 22 30667277 rs9608859 C T -0.0138042809763971 0.0095 0.1497 9 0.432 0.441 0.969 50981.48 41917 371549 +-+++-+-+++--++--++++++-++-+---+++-+--+++-+--++++-++-+-++ 0.824778199656948 0.1497 T C 0.058703 0.009917 3.2801975507699e-09 20859
7 7 541830 rs13225457 A G -0.0061013488579762 0.0185 0.7417 1 0.645 0.606 0.389 41459.43 34543 356269 -+????-???+++++-+--??-----?-+---?+---+--+++-++?+-+++--+-- 0.129771720988206 0.7417 G A 0.061741 0.01009 9.57194071294844e-10 20859
8 4 54135271 rs62324288 C G 0.0071958279818024 0.0099 0.4652 1 0.665 0.674 1.0 50981.48 41917 371549 +---+------++-++-+-++-+-+++---+++-++-+-+++-+0+-++++-++--- 0.332360293943589 0.4652 G C 0.058076 0.010253 1.49761437488737e-08 20859
9 3 183386962 rs6794358 T G 0.0083043861636152 0.0095 0.3823 1 0.556 0.566 0.986 50981.48 41917 371549 +---+++-++++--++------+-+--++++---++-+--++--+-++-+-+-+--+ 0.417595701980972 0.3823 G T 0.068497 0.0098893 4.44631267469108e-12 20859
10 5 82770558 rs11746859 G A 0.0176956485356892 0.0095 0.06133 20 0.55 0.559 0.984 50981.48 41917 371549 ----+--+------+-+--+-+-++++-+--+-----+--+--+++-++-+-----+ 1.21232703531251 0.06133 A G -0.067387 0.0098389 7.63835783577689e-12 20859
11 5 82861400 rs13164785 G T 0.019294956182969 0.0116 0.09552 38 0.797 0.803 1.0 50981.48 41917 371549 -+---+-+-++-------+---------+--+-++--+++-+---++---+-++--- 1.01990568621471 0.09552 T G -0.17256 0.012297 1.55596563160508e-44 20859
12 19 7559586 rs7260586 C T -0.0159028762794155 0.0111 0.1514 1 0.404 0.389 0.762 50035.72 40997 370576 +-+-+--+-+++++---+-+?-++--+-++---++++-+---+++-+-+-++--+++ 0.819874124835946 0.1514 T C 0.067198 0.010625 2.59417936211881e-10 20859
13 17 73897046 rs9902371 G A 0.0162005226717083 0.0105 0.1213 2 0.721 0.724 0.985 50981.48 41917 371549 ----+-++++---++--+--+--+-++--+--+-++-----+-------++-++--+ 0.916139199133427 0.1213 A G -0.060466 0.010895 2.89534286475981e-08 20859
