 CHROM POS SNP A1_y A2_y b_y se_y PVAL NGT FCAS FCON IMPINFO NEFFDIV2 NCAS NCON DIRE pval(-log10) p_y A2 A1 b se P N
1 1 46485562 rs946528 T C -0.0011992805754821 0.0102 0.9087 1 0.307 0.289 0.986 50981.48 41917 371549 ++-++-+-+--++-+-+++-------+-----++--++-+-+++-++-++-++-+-+ 0.0415794719474818 0.9087 C T -0.057637 0.010568 4.9842520940426e-08 20859
2 12 118443690 rs11068773 A G 0.0031950988965408 0.0098 0.747 1 0.614 0.613 0.959 50981.48 41917 371549 -++--------+-+--+-++++--++++--------++++--++++-+-+----+++ 0.126679398184601 0.747 G A -0.062688 0.010099 5.49794005063592e-10 20859
3 6 29048689 rs3129787 T A -0.0246048038572487 0.0114 0.03131 2 0.745 0.737 0.989 45305.71 39040 137033 ++--++-+-----+++---+-+++-+++-+-+-++++++++-+++++?-?-----++ 1.50431693238308 0.03131 A T 0.07345 0.010827 1.20226443461741e-11 20859
4 8 130645692 rs55705857 G A -0.0135971385060249 0.0214 0.5255 1 0.939 0.934 0.833 49826.66 40667 370423 -+-++++-++-+-+++++--?++-++---++-+++++----+--+++++-+-?--?- 0.279427279635739 0.5255 A G -0.14686 0.021509 8.85115609830834e-12 20859
5 8 101685470 rs1786337 A G 0.0142003494011414 0.0098 0.148 1 0.621 0.641 0.961 50981.48 41917 371549 ---+++-+-+-+++---+---++-++-+++-+-+-+++++-++-++-++-++---+- 0.829738284605043 0.148 G A -0.061337 0.010278 2.44624527605128e-09 20859
6 17 42992252 rs76566528 A G -0.0226026252094292 0.0132 0.08579 1 0.852 0.874 0.991 50981.48 41917 371549 +---------+++-+--+----+-+--+-++--+++++-+++-++--++---+---- 1.06656333217372 0.08579 G A 0.10796 0.013766 4.62381021399259e-15 20859
7 4 85844790 rs1508669 T A 0.001100605444033 0.0095 0.9091 1 0.436 0.45 0.989 50981.48 41917 371549 ++-+-----+---++-+-+-----+-++--++--+-+++++-+-+-+--+--++-++ 0.0413883422351206 0.9091 A T 0.056428 0.0098462 1.01227846999511e-08 20859
8 5 139727260 rs3776089 A G -0.001099395443301 0.0105 0.9156 1 0.272 0.256 0.994 50981.48 41917 371549 --+++-+-+-+++-+++--++---+----++---++-++-+--+-+---+--+--+- 0.0382942159974947 0.9156 G A -0.077345 0.011152 4.15910610494022e-12 20859
9 22 30667277 rs9608859 C T -0.0138042809763971 0.0095 0.1497 9 0.432 0.441 0.969 50981.48 41917 371549 +-+++-+-+++--++--++++++-++-+---+++-+--+++-+--++++-++-+-++ 0.824778199656948 0.1497 T C 0.078321 0.0099105 2.85759054337494e-15 20859
10 7 541830 rs13225457 A G -0.0061013488579762 0.0185 0.7417 1 0.645 0.606 0.389 41459.43 34543 356269 -+????-???+++++-+--??-----?-+---?+---+--+++-++?+-+++--+-- 0.129771720988206 0.7417 G A 0.057375 0.010091 1.31947145719512e-08 20859
11 4 54147973 rs1481818 C T -0.007997931111062 0.0099 0.4203 1 0.323 0.316 1.0 50981.48 41917 371549 +---+------++-+--+-++-+-+++---+++-++-+-+++++++-++++-++--- 0.376440609994563 0.4203 T C -0.065671 0.010373 2.4905771539521e-10 20859
12 3 183355405 rs9858528 G A 0.0123965203365513 0.0107 0.2447 1 0.738 0.755 0.991 50981.48 41917 371549 --++------------+-+++----++----+++--+-+----++++++-----+-- 0.611366030648211 0.2447 A G 0.080124 0.011134 6.38263486190548e-13 20859
13 5 82770558 rs11746859 G A 0.0176956485356892 0.0095 0.06133 20 0.55 0.559 0.984 50981.48 41917 371549 ----+--+------+-+--+-+-++++-+--+-----+--+--+++-++-+-----+ 1.21232703531251 0.06133 A G -0.073191 0.0098369 1.04231742939331e-13 20859
14 5 82860485 rs67827860 T C 0.0176040459483609 0.0117 0.1335 0 0.798 0.805 1.0 50186.29 41510 354340 +-+++-+-+--+++++++-+++++++-+-++-+--++---+-+++--+?+-+--+++ 0.874518734299406 0.1335 C T -0.18863 0.012282 6.08135001278716e-53 20859
15 19 7559586 rs7260586 C T -0.0159028762794155 0.0111 0.1514 1 0.404 0.389 0.762 50035.72 40997 370576 +-+-+--+-+++++---+-+?-++--+-++---++++-+---+++-+-+-++--+++ 0.819874124835946 0.1514 T C 0.073505 0.010623 4.66659380314289e-12 20859
16 17 73862646 rs8081606 T C 0.0252049938352247 0.0121 0.03671 1 0.814 0.82 0.985 50981.48 41917 371549 +--+----+-+++--++-++-++-+--+----+---+++++-+++++++--+-++-- 1.43521561549601 0.03671 C T -0.068392 0.012515 4.68597535308626e-08 20859
17 4 103188709 rs13107325 T C 0.0486966685402845 0.0194 0.0121 42 0.931 0.962 0.977 50828.52 41816 371234 +--+-++++-++-++--+-+++-----+-+--+-+++-+++---++-+-++++?+++ 1.91721462968355 0.0121 C T -0.10583 0.019215 3.67705393378215e-08 20859
