 CHROM POS SNP A1_y A2_y b_y se_y PVAL NGT FCAS FCON IMPINFO NEFFDIV2 NCAS NCON DIRE pval(-log10) p_y A2 A1 b se P N
1 5 126190538 rs150724811 A G 0.0129028853555234 0.0201 0.5216 1 0.94 0.939 0.957 49826.66 40667 370423 +++--++-------+--++-?-+-++++-++--+--+--+-++-+-++--++?++?- 0.282662417276136 0.5216 G A 0.13158 0.020963 3.52208635618467e-10 20859
2 6 26175852 rs9379831 A C 0.0306963490025976 0.01 0.002063 27 0.668 0.664 0.981 50981.48 41917 371549 +-+--+-+---+--++++++--++-+--++-+-----++-+-+++-++-++-++++- 2.68550077202685 0.002063 C A -0.062406 0.010579 3.71278670275639e-09 20859
3 8 130645692 rs55705857 G A -0.0135971385060249 0.0214 0.5255 1 0.939 0.934 0.833 49826.66 40667 370423 -+-++++-++-+-+++++--?++-++---++-+++++----+--+++++-+-?--?- 0.279427279635739 0.5255 A G -0.14781 0.021509 6.51628394060843e-12 20859
4 3 13835087 rs6442409 C T 0.0026033858701149 0.0098 0.7932 41 0.348 0.333 0.998 50981.48 41917 371549 +++-++-+-++++-+--+++-+-+---+--0++--+-++++--++-+-+--+-+-+- 0.100617294466735 0.7932 T C -0.056375 0.010328 4.86519217984954e-08 20859
5 7 55073106 rs55751430 C G 0.0005001250416822 0.0116 0.9681 1 0.768 0.766 0.914 50981.48 41917 371549 ++-+-+-++++---+++++--+++-+-+-++-++-+---+-++---+--+++-++-- 0.0140797798764326 0.9681 G C -0.077019 0.011802 6.90239803840243e-11 20859
6 8 101679411 rs2978102 G A 0.0124977728299804 0.0094 0.1835 1 0.536 0.557 0.987 50981.48 41917 371549 +++---+-+-----++++++----------+-+-+-+-+---++--+--+---++-+ 0.736363931411892 0.1835 A G -0.062823 0.0098145 1.57615890496384e-10 20859
7 17 42884957 rs17683692 T A -0.0108014536938559 0.0125 0.3884 1 0.831 0.858 0.988 50981.48 41917 371549 -+-+-+++++--++-++-++++-+-++----++-----+------++--+++--+++ 0.410720778764033 0.3884 A T 0.087548 0.013113 2.5118864315095797e-11 20859
8 5 139727260 rs3776089 A G -0.001099395443301 0.0105 0.9156 1 0.272 0.256 0.994 50981.48 41917 371549 --+++-+-+-+++-+++--++---+----++---++-++-+--+-+---+--+--+- 0.0382942159974947 0.9156 G A -0.067803 0.011155 1.2339569261396202e-09 20859
9 22 38474952 rs1004763 T C -0.0051964749068174 0.0096 0.5892 2 0.417 0.39 0.97 50981.48 41917 371549 ---++--++--+-++++++-----+-++-+++-----+-+++++++----++--+-- 0.229737261829407 0.5892 C T 0.057653 0.0098914 5.674139384779081e-09 20859
10 22 30953295 rs2267161 T C -0.031799009548949 0.0101 0.001626 50 0.688 0.688 0.988 50981.48 41917 371549 --+---++-------++---+--++--+++-+-+---+-+--+---+----+++--- 2.78887945874195 0.001626 C T 0.073921 0.010629 3.63915036127207e-12 20859
11 4 53914882 rs4103860 C T 0.0064004391810282 0.0103 0.5336 1 0.711 0.698 0.952 50981.48 41917 371549 ++++-++-----+---+----+-+---++-+--+--+++-+-+--+++-+-+-++++ 0.272784179091507 0.5336 T C 0.080317 0.010802 1.0839269140212e-13 20859
12 16 11221287 rs34540843 G A 0.017502275136142 0.0109 0.1081 1 0.751 0.766 0.992 50981.48 41917 371549 ----+-+--++-+-++--++----+-+-+-+--+-+-++-+-----++-++--+++- 0.96617430604669 0.1081 A G -0.067316 0.0113 2.6109586865859303e-09 20859
13 5 82770558 rs11746859 G A 0.0176956485356892 0.0095 0.06133 20 0.55 0.559 0.984 50981.48 41917 371549 ----+--+------+-+--+-+-++++-+--+-----+--+--+++-++-+-----+ 1.21232703531251 0.06133 A G -0.072885 0.009837 1.3182567385563998e-13 20859
14 5 81882387 rs2385888 C T -0.0081963182244858 0.01 0.4152 10 0.321 0.325 0.993 50981.48 41917 371549 +-++--++++--------+++----++-+--+--+---+-+-++++++---+---++ 0.381742655159599 0.4152 T C 0.076804 0.010482 2.43781081836876e-13 20859
15 5 82860485 rs67827860 T C 0.0176040459483609 0.0117 0.1335 0 0.798 0.805 1.0 50186.29 41510 354340 +-+++-+-+--+++++++-+++++++-+-++-+--++---+-+++--+?+-+--+++ 0.874518734299406 0.1335 C T -0.20138 0.012272 3.90840895792401e-60 20859
16 11 44636833 rs2303865 A G -0.0053954185169075 0.0141 0.6995 1 0.864 0.877 0.938 50981.48 41917 371549 +---+-+-++-----+-++-+--+-+--+--+++-------+-+-+-+-+-++--++ 0.155212281172154 0.6995 G A -0.10059 0.014425 3.19153785510076e-12 20859
17 1 65305877 rs310244 A G -0.0243022925229648 0.0116 0.03678 33 0.799 0.811 0.996 50981.48 41917 371549 -----+----+-++++------+-++-+-+++---------+---+++--+--+--+ 1.43438827509794 0.03678 G A 0.077012 0.012541 8.352182974126e-10 20859
