 CHROM POS SNP A1_y A2_y b_y se_y PVAL NGT FCAS FCON IMPINFO NEFFDIV2 NCAS NCON DIRE pval(-log10) p_y A2 A1 b se P N
1 12 118443690 rs11068773 A G 0.0031950988965408 0.0098 0.747 1 0.614 0.613 0.959 50981.48 41917 371549 -++--------+-+--+-++++--++++--------++++--++++-+-+----+++ 0.126679398184601 0.747 G A -0.060196 0.0101 2.56448403651772e-09 20859
2 6 29048689 rs3129787 T A -0.0246048038572487 0.0114 0.03131 2 0.745 0.737 0.989 45305.71 39040 137033 ++--++-+-----+++---+-+++-+++-+-+-++++++++-+++++?-?-----++ 1.50431693238308 0.03131 A T 0.067098 0.010829 5.902010801718451e-10 20859
3 8 130645692 rs55705857 G A -0.0135971385060249 0.0214 0.5255 1 0.939 0.934 0.833 49826.66 40667 370423 -+-++++-++-+-+++++--?++-++---++-+++++----+--+++++-+-?--?- 0.279427279635739 0.5255 A G -0.16621 0.021503 1.12460497396693e-14 20859
4 8 101679224 rs2978101 G T 0.0122952780941516 0.0094 0.1898 1 0.536 0.557 0.988 50981.48 41917 371549 0++---+-+-----++++++----------+-+-+-+-+---++--+--+---++-+ 0.721703791908726 0.1898 T G -0.060103 0.0098158 9.34114255736478e-10 20859
5 20 45195738 rs202393 C T -0.0032048589489113 0.0128 0.8044 1 0.158 0.148 1.0 50981.48 41917 371549 -++--++-++++--+-++++++--++-+++--+------++--++----+----++- 0.0945279380752957 0.8044 T C -0.075241 0.013189 1.18059244581389e-08 20859
6 17 44355602 rs2696532 G A 0.0227979086760041 0.012 0.05814 1 0.793 0.811 0.948 50981.48 41917 371549 +-----+++---++--++++------+-----+----++---++--+---------+ 1.23552497256559 0.05814 A G -0.0959 0.012018 1.54170045294956e-15 20859
7 5 139727260 rs3776089 A G -0.001099395443301 0.0105 0.9156 1 0.272 0.256 0.994 50981.48 41917 371549 --+++-+-+-+++-+++--++---+----++---++-++-+--+-+---+--+--+- 0.0382942159974947 0.9156 G A -0.075206 0.011152 1.5848931924611098e-11 20859
8 22 38474852 rs1004764 A G -0.0065981840282271 0.0098 0.501 5 0.375 0.348 0.976 50981.48 41917 371549 +---+-+++--+++++++-+----+-+--+++-----+--++-+++--+--+--++- 0.300162274132754 0.501 G A 0.063594 0.010092 3.01023222066338e-10 20859
9 22 30953295 rs2267161 T C -0.031799009548949 0.0101 0.001626 50 0.688 0.688 0.988 50981.48 41917 371549 --+---++-------++---+--++--+++-+-+---+-+--+---+----+++--- 2.78887945874195 0.001626 C T 0.084339 0.010625 2.1677041048197e-15 20859
10 7 540741 rs1800814 A G 0.0146974807605841 0.0212 0.4901 1 0.516 0.512 0.336 35476.73 30446 161627 -+????-???-++-+-?+-??--+--?++?++?++-+++-+++--+??-+++----+ 0.30971529748737 0.4901 G A 0.063696 0.0097993 8.2224264994707e-11 20859
11 4 54109623 rs2412397 T C -0.0061013488579762 0.0097 0.5326 10 0.354 0.349 0.999 50981.48 41917 371549 -+++--+++++-++-+--+--+-++-++++---+--+-+---++--+----+--+++ 0.273598837897078 0.5326 C T -0.073034 0.010114 5.34564359396972e-13 20859
12 1 156615114 rs2365715 G A -0.0097027754613851 0.0107 0.3647 4 0.615 0.612 0.82 50035.72 40997 370576 +++-----+++++----++-?++++--++++---+-+-+-++-----+-+++-+--+ 0.438064236686219 0.3647 A G 0.065507 0.010527 4.97622489973469e-10 20859
13 3 183355405 rs9858528 G A 0.0123965203365513 0.0107 0.2447 1 0.738 0.755 0.991 50981.48 41917 371549 --++------------+-+++----++----+++--+-+----++++++-----+-- 0.611366030648211 0.2447 A G 0.071797 0.011136 1.165198723025e-10 20859
14 5 81860791 rs4703898 G A 0.0150019689183474 0.0098 0.126 1 0.653 0.655 0.993 50981.48 41917 371549 -+--++----++++++++---+++---+-+++++--++++--------+----+--- 0.899629454882437 0.126 A G -0.064891 0.010399 4.4534850626985803e-10 20859
15 5 82858014 rs3852188 G C 0.0203047533403643 0.0116 0.07913 1 0.797 0.803 0.995 50981.48 41917 371549 -+---+-+-++-------+-------+-+--++++--+++-+---++---+-++-+- 1.10165883427249 0.07913 C G -0.17508 0.012286 7.36207097494732e-46 20859
16 5 82728926 rs33593 G A 0.0098988321792475 0.0096 0.3015 1 0.391 0.382 0.989 50981.48 41917 371549 ++--------+--+-----++---+-+----++----++-++--+++++-++--+-+ 0.52071268352383 0.3015 A G -0.075322 0.010131 1.0839269140212e-13 20859
17 1 65307994 rs2780818 G T -0.0159028762794155 0.0109 0.1437 1 0.756 0.762 0.998 50981.48 41917 371549 -++++-++++-+--++++-+++--+-+-++--++-++++++--++---++-++-+-- 0.842543231865774 0.1437 T G 0.078617 0.011724 2.05589059598414e-11 20859
18 4 103204358 rs233821 G A 0.0073972926304747 0.0097 0.4465 20 0.619 0.642 0.986 50981.48 41917 371549 -+--+--+-++--+-++-++---+--++++-+--+--+-----+-++-+++-+--+- 0.350178536775435 0.4465 A G -0.055902 0.010169 3.90481083749253e-08 20859
19 9 111721171 rs117273387 T G -0.0199006617063362 0.0276 0.4705 1 0.971 0.967 1.0 48423.24 39620 365909 +-+-?-?-+++---++++?-+++---++-+???--+-+++??+------+++?--?? 0.327440372236724 0.4705 G T 0.17622 0.031139 1.54099063710708e-08 20859
