 CHROM POS SNP A1_y A2_y b_y se_y PVAL NGT FCAS FCON IMPINFO NEFFDIV2 NCAS NCON DIRE pval(-log10) p_y A2 A1 b se P N
1 6 31240712 rs2249741 C A 0.033701571673015 0.0093 0.000288 2 0.475 0.52 0.989 50981.48 41917 371549 -+-+---+----+-++-++---+-++-++----+-------+-------------+- 3.54060751224077 0.000288 A C -0.056679 0.0097751 6.79516489481525e-09 20859
2 6 26159356 rs2183947 A G 0.0340015566760147 0.0109 0.001879 18 0.756 0.749 0.98 50981.48 41917 371549 +-+--+-++--+-+++++-+--++++--++-+--+--++-++++--+++++++-++- 2.72607321989947 0.001879 G A -0.065043 0.011735 3.01647687316222e-08 20859
3 8 130645692 rs55705857 G A -0.0135971385060249 0.0214 0.5255 1 0.939 0.934 0.833 49826.66 40667 370423 -+-++++-++-+-+++++--?++-++---++-+++++----+--+++++-+-?--?- 0.279427279635739 0.5255 A G -0.15923 0.021505 1.3708817661648599e-13 20859
4 8 101679224 rs2978101 G T 0.0122952780941516 0.0094 0.1898 1 0.536 0.557 0.988 50981.48 41917 371549 0++---+-+-----++++++----------+-+-+-+-+---++--+--+---++-+ 0.721703791908726 0.1898 T G -0.071029 0.0098123 4.68813382145265e-13 20859
5 17 44355602 rs2696532 G A 0.0227979086760041 0.012 0.05814 1 0.793 0.811 0.948 50981.48 41917 371549 +-----+++---++--++++------+-----+----++---++--+---------+ 1.23552497256559 0.05814 A G -0.10808 0.012013 2.51767692775885e-19 20859
6 17 42640671 rs8072850 G C 0.0101008421794295 0.0108 0.3505 1 0.271 0.24 0.95 50981.48 41917 371549 +---+-+-----+-+----+----+-+++-+++-++-+++-++-+-++-+--++--- 0.455311977697323 0.3505 C G -0.064177 0.011269 1.24939568010101e-08 20859
7 22 30950360 rs2267158 C T -0.0347974835421732 0.01 0.0005227 10 0.679 0.676 0.978 50981.48 41917 371549 -+-+++--+++++++--+++-++--++---+-+-+++-+-++-+++-++++-+-++- 3.28174749990225 0.0005227 T C 0.070908 0.010582 2.1183611352485e-11 20859
8 7 540741 rs1800814 A G 0.0146974807605841 0.0212 0.4901 1 0.516 0.512 0.336 35476.73 30446 161627 -+????-???-++-+-?+-??--+--?++?++?++-+++-+++--+??-+++----+ 0.30971529748737 0.4901 G A 0.060625 0.0098003 6.284923560377501e-10 20859
9 4 54135271 rs62324288 C G 0.0071958279818024 0.0099 0.4652 1 0.665 0.674 1.0 50981.48 41917 371549 +---+------++-++-+-++-+-+++---+++-++-+-+++-+0+-++++-++--- 0.332360293943589 0.4652 G C 0.058088 0.010253 1.48730487004653e-08 20859
10 5 82770558 rs11746859 G A 0.0176956485356892 0.0095 0.06133 20 0.55 0.559 0.984 50981.48 41917 371549 ----+--+------+-+--+-+-++++-+--+-----+--+--+++-++-+-----+ 1.21232703531251 0.06133 A G -0.073702 0.0098367 7.030723198838331e-14 20859
11 5 82861400 rs13164785 G T 0.019294956182969 0.0116 0.09552 38 0.797 0.803 1.0 50981.48 41917 371549 -+---+-+-++-------+---------+--+-++--+++-+---++---+-++--- 1.01990568621471 0.09552 T G -0.17413 0.012296 2.56448403651771e-45 20859
12 9 111701165 rs838819 T C 0.0010005003335835 0.0093 0.9154 2 0.505 0.517 0.999 50981.48 41917 371549 --+-----++--+--+-++++-+++-+-+++--+--+------+++---++---++- 0.0383890919087193 0.9154 C T -0.056452 0.0097417 6.93585491592749e-09 20859
