 CHROM POS SNP A1_y A2_y b_y se_y PVAL NGT FCAS FCON IMPINFO NEFFDIV2 NCAS NCON DIRE pval(-log10) p_y A2 A1 b se P N
1 6 31025713 rs2517524 A C 0.0344982814075965 0.0097 0.0003768 5 0.509 0.551 1.01 49209.73 41012 329635 +-+-+-+++++++--++-++++-+-++--+-++++++-+++++++-++-?+++++-+ 3.42388910587916 0.0003768 C A -0.060289 0.0098235 8.54869849163667e-10 20859
2 6 26173767 rs9379830 C T 0.0344051267241774 0.0109 0.001652 2 0.756 0.75 0.981 50981.48 41917 371549 -+-++-+--++-+-----+-++--+-++--+-++-++--+----++-------+--+ 2.78198995701564 0.001652 T C -0.064367 0.011738 4.21114310436318e-08 20859
3 8 130645692 rs55705857 G A -0.0135971385060249 0.0214 0.5255 1 0.939 0.934 0.833 49826.66 40667 370423 -+-++++-++-+-+++++--?++-++---++-+++++----+--+++++-+-?--?- 0.279427279635739 0.5255 A G -0.14846 0.021509 5.26017266390706e-12 20859
4 8 101679224 rs2978101 G T 0.0122952780941516 0.0094 0.1898 1 0.536 0.557 0.988 50981.48 41917 371549 0++---+-+-----++++++----------+-+-+-+-+---++--+--+---++-+ 0.721703791908726 0.1898 T G -0.066809 0.0098137 1.0185913880541099e-11 20859
5 17 42923398 rs7213960 T C 0.0039979812872983 0.0096 0.6788 13 0.605 0.635 0.99 50981.48 41917 371549 ----+---++-+-++--++-----+-+-+++-++++++++-+++++++----++--- 0.168258166354362 0.6788 C T 0.056379 0.01007 2.18474120647905e-08 20859
6 17 44865439 rs2074404 G T 0.01999864650669 0.0109 0.06714 44 0.755 0.78 0.981 50981.48 41917 371549 -------++----++++-++---+-++---+-+----++--+-+--++---++-+-+ 1.17301866308801 0.06714 T G -0.097082 0.011941 4.51855944374922e-16 20859
7 22 30950360 rs2267158 C T -0.0347974835421732 0.01 0.0005227 10 0.679 0.676 0.978 50981.48 41917 371549 -+-+++--+++++++--+++-++--++---+-+-+++-+-++-+++-++++-+-++- 3.28174749990225 0.0005227 T C 0.065057 0.010583 8.03156169922656e-10 20859
8 7 540741 rs1800814 A G 0.0146974807605841 0.0212 0.4901 1 0.516 0.512 0.336 35476.73 30446 161627 -+????-???-++-+-?+-??--+--?++?++?++-+++-+++--+??-+++----+ 0.30971529748737 0.4901 G A 0.060685 0.0098003 6.04644351344758e-10 20859
9 4 54147973 rs1481818 C T -0.007997931111062 0.0099 0.4203 1 0.323 0.316 1.0 50981.48 41917 371549 +---+------++-+--+-++-+-+++---+++-++-+-+++++++-++++-++--- 0.376440609994563 0.4203 T C -0.057607 0.010376 2.8556172713813e-08 20859
10 3 183383310 rs151044295 A G -0.0005998200719675 0.0191 0.9741 1 0.933 0.934 0.947 50862.93 41731 371462 +---+--++++++-+-++---+----++-++++++-++---+-+-+-+-+-+?---- 0.0113964566543361 0.9741 G A 0.10927 0.019144 1.16037937261391e-08 20859
11 5 82770558 rs11746859 G A 0.0176956485356892 0.0095 0.06133 20 0.55 0.559 0.984 50981.48 41917 371549 ----+--+------+-+--+-+-++++-+--+-----+--+--+++-++-+-----+ 1.21232703531251 0.06133 A G -0.070331 0.0098379 9.036494737222999e-13 20859
12 5 82861400 rs13164785 G T 0.019294956182969 0.0116 0.09552 38 0.797 0.803 1.0 50981.48 41917 371549 -+---+-+-++-------+---------+--+-++--+++-+---++---+-++--- 1.01990568621471 0.09552 T G -0.18042 0.012291 1.5381546403030298e-48 20859
