 CHROM POS SNP A1_y A2_y b_y se_y PVAL NGT FCAS FCON IMPINFO NEFFDIV2 NCAS NCON DIRE pval(-log10) p_y A2 A1 b se P N
1 2 201253769 rs3739118 A G -0.0327962744150825 0.0104 0.001535 39 0.718 0.729 0.995 50981.48 41917 371549 -+----+---++--++-+++--+----+--+---+-+--++---+---+--+-+-+- 2.81389162018679 0.001535 G A 0.061139 0.010827 1.65348401217115e-08 20859
2 12 118443690 rs11068773 A G 0.0031950988965408 0.0098 0.747 1 0.614 0.613 0.959 50981.48 41917 371549 -++--------+-+--+-++++--++++--------++++--++++-+-+----+++ 0.126679398184601 0.747 G A -0.056256 0.010101 2.59000140694793e-08 20859
3 6 32615945 rs17612712 T A -0.0515007728624032 0.0185 0.005289 0 0.74 0.597 0.384 48263.34 39886 351446 ---+?++-+?++-------+?+++-+--++-++++--+++-++++-+-?++++++++ 2.27662643298102 0.005289 A T 0.066797 0.010577 2.74536441422341e-10 20859
4 8 130645692 rs55705857 G A -0.0135971385060249 0.0214 0.5255 1 0.939 0.934 0.833 49826.66 40667 370423 -+-++++-++-+-+++++--?++-++---++-+++++----+--+++++-+-?--?- 0.279427279635739 0.5255 A G -0.15403 0.021507 8.2224264994707e-13 20859
5 3 13835087 rs6442409 C T 0.0026033858701149 0.0098 0.7932 41 0.348 0.333 0.998 50981.48 41917 371549 +++-++-+-++++-+--+++-+-+---+--0++--+-++++--++-+-+--+-+-+- 0.100617294466735 0.7932 T C -0.056326 0.010328 4.99574198175964e-08 20859
6 8 101679224 rs2978101 G T 0.0122952780941516 0.0094 0.1898 1 0.536 0.557 0.988 50981.48 41917 371549 0++---+-+-----++++++----------+-+-+-+-+---++--+--+---++-+ 0.721703791908726 0.1898 T G -0.062185 0.0098152 2.41212605609258e-10 20859
7 17 44355602 rs2696532 G A 0.0227979086760041 0.012 0.05814 1 0.793 0.811 0.948 50981.48 41917 371549 +-----+++---++--++++------+-----+----++---++--+---------+ 1.23552497256559 0.05814 A G -0.10315 0.012015 9.72747223776964e-18 20859
8 5 139727260 rs3776089 A G -0.001099395443301 0.0105 0.9156 1 0.272 0.256 0.994 50981.48 41917 371549 --+++-+-+-+++-+++--++---+----++---++-++-+--+-+---+--+--+- 0.0382942159974947 0.9156 G A -0.069137 0.011154 5.814334323084471e-10 20859
9 22 38474852 rs1004764 A G -0.0065981840282271 0.0098 0.501 5 0.375 0.348 0.976 50981.48 41917 371549 +---+-+++--+++++++-+----+-+--+++-----+--++-+++--+--+--++- 0.300162274132754 0.501 G A 0.05875 0.010094 5.952508167809461e-09 20859
10 22 30953295 rs2267161 T C -0.031799009548949 0.0101 0.001626 50 0.688 0.688 0.988 50981.48 41917 371549 --+---++-------++---+--++--+++-+-+---+-+--+---+----+++--- 2.78887945874195 0.001626 C T 0.07748 0.010628 3.1988951096914e-13 20859
11 7 540741 rs1800814 A G 0.0146974807605841 0.0212 0.4901 1 0.516 0.512 0.336 35476.73 30446 161627 -+????-???-++-+-?+-??--+--?++?++?++-+++-+++--+??-+++----+ 0.30971529748737 0.4901 G A 0.063589 0.0097994 8.83079900418562e-11 20859
12 11 114030799 rs648044 G A 0.0095958936734469 0.0104 0.3533 1 0.386 0.399 0.858 50981.48 41917 371549 +-+-+++++++-+--++-+----+---++-++-----++++--+++--++-+++++- 0.451856362565154 0.3533 A G 0.057654 0.010183 1.51774915586125e-08 20859
13 4 54032319 rs6554068 A G -0.0077995046323818 0.0097 0.4178 1 0.367 0.356 0.997 50981.48 41917 371549 -+++--+++++-++-+--+--+-++--++++--+--+-+---+--++----+--+++ 0.37903156435571 0.4178 G A -0.076592 0.010066 2.87739841473567e-14 20859
14 1 156615114 rs2365715 G A -0.0097027754613851 0.0107 0.3647 4 0.615 0.612 0.82 50035.72 40997 370576 +++-----+++++----++-?++++--++++---+-+-+-++-----+-+++-+--+ 0.438064236686219 0.3647 A G 0.06373 0.010527 1.4394613220781602e-09 20859
15 15 41465862 rs1717198 C T -0.0184978548821194 0.0094 0.05072 1 0.569 0.558 0.989 50981.48 41917 371549 +++-+++-+++++-+--+++---+----+++--+-+--++---++-+++---++--+ 1.29482075512632 0.05072 T C 0.055864 0.0098987 1.68694141328732e-08 20859
16 3 183355405 rs9858528 G A 0.0123965203365513 0.0107 0.2447 1 0.738 0.755 0.991 50981.48 41917 371549 --++------------+-+++----++----+++--+-+----++++++-----+-- 0.611366030648211 0.2447 A G 0.075113 0.011135 1.56675107010815e-11 20859
17 5 81860791 rs4703898 G A 0.0150019689183474 0.0098 0.126 1 0.653 0.655 0.993 50981.48 41917 371549 -+--++----++++++++---+++---+-+++++--++++--------+----+--- 0.899629454882437 0.126 A G -0.061997 0.0104 2.5403876923166703e-09 20859
18 5 82858014 rs3852188 G C 0.0203047533403643 0.0116 0.07913 1 0.797 0.803 0.995 50981.48 41917 371549 -+---+-+-++-------+-------+-+--++++--+++-+---++---+-++-+- 1.10165883427249 0.07913 C G -0.18582 0.012279 1.81551566277314e-51 20859
19 5 82776858 rs72771203 G A 0.0071958279818024 0.0149 0.6309 1 0.883 0.871 0.916 50981.48 41917 371549 -++++++++++--+---++++-+-+----+---++++--+--+++----+---+-+- 0.200039472594016 0.6309 A G 0.10822 0.015917 1.08143395129794e-11 20859
20 1 65307994 rs2780818 G T -0.0159028762794155 0.0109 0.1437 1 0.756 0.762 0.998 50981.48 41917 371549 -++++-++++-+--++++-+++--+-+-++--++-++++++--++---++-++-+-- 0.842543231865774 0.1437 T G 0.074379 0.011725 2.2903402217221202e-10 20859
