 CHROM POS SNP A1_y A2_y b_y se_y PVAL NGT FCAS FCON IMPINFO NEFFDIV2 NCAS NCON DIRE pval(-log10) p_y A2 A1 b se P N
1 17 65977053 rs7210027 T C 0.0216016445577609 0.0116 0.06315 1 0.212 0.199 0.969 50981.48 41917 371549 --+-+++-++-++---+---++-+-++----++-++-+++++++-+++-+-++-+++ 1.19962664510865 0.06315 C T 0.066826 0.012217 4.55407312683255e-08 20859
2 12 118459295 rs5745823 G T 0.0081027387031859 0.0103 0.4343 1 0.301 0.289 0.972 50981.48 41917 371549 +-+++++++++---+++---++------++--++-++-+--+----+--+--++--- 0.362210170637771 0.4343 T G -0.062655 0.010663 4.272676381599781e-09 20859
3 6 32615945 rs17612712 T A -0.0515007728624032 0.0185 0.005289 0 0.74 0.597 0.384 48263.34 39886 351446 ---+?++-+?++-------+?+++-+--++-++++--+++-++++-+-?++++++++ 2.27662643298102 0.005289 A T 0.062702 0.010578 3.1203262165980103e-09 20859
4 8 130645692 rs55705857 G A -0.0135971385060249 0.0214 0.5255 1 0.939 0.934 0.833 49826.66 40667 370423 -+-++++-++-+-+++++--?++-++---++-+++++----+--+++++-+-?--?- 0.279427279635739 0.5255 A G -0.14964 0.021508 3.5727283815192997e-12 20859
5 3 13833084 rs11128657 T C -0.0016985566355815 0.0096 0.8612 10 0.418 0.412 0.972 50981.48 41917 371549 ---+----+----+-+++----+-+++-++-+-++-+-----+--+-+--++--+-+ 0.0648959788485504 0.8612 C T -0.056209 0.0099637 1.70844105786449e-08 20859
6 8 101679224 rs2978101 G T 0.0122952780941516 0.0094 0.1898 1 0.536 0.557 0.988 50981.48 41917 371549 0++---+-+-----++++++----------+-+-+-+-+---++--+--+---++-+ 0.721703791908726 0.1898 T G -0.06713 0.0098136 8.109610578538419e-12 20859
7 17 44355602 rs2696532 G A 0.0227979086760041 0.012 0.05814 1 0.793 0.811 0.948 50981.48 41917 371549 +-----+++---++--++++------+-----+----++---++--+---------+ 1.23552497256559 0.05814 A G -0.10663 0.012013 7.481695005111521e-19 20859
8 5 139726292 rs4150197 T C 0.0017014466397575 0.0105 0.8688 1 0.731 0.747 0.993 50981.48 41917 371549 ++---+-+-+--++---++--++---+++--+++--+--+-++-+-+++-++-++-+ 0.0610801877552283 0.8688 C T 0.067397 0.011196 1.7750067135006501e-09 20859
9 22 38564041 rs9622746 G C -0.0016985566355815 0.0097 0.8631 5 0.644 0.649 0.994 50981.48 41917 371549 ----+-+++--+--+++++----+--+++++-+++--++++-++-+--+-+-++++- 0.0639388833900115 0.8631 C G -0.056028 0.010254 4.70110552673431e-08 20859
10 22 31801664 rs5749266 G T 0.0363009797263316 0.0111 0.001133 0 0.717 0.721 0.956 46282.26 39538 161738 +++-----+--+------+----+-----++------+-+-+--++-??+--++-++ 2.9457700901366 0.001133 T G -0.062609 0.011129 1.8724058959868e-08 20859
11 22 30953295 rs2267161 T C -0.031799009548949 0.0101 0.001626 50 0.688 0.688 0.988 50981.48 41917 371549 --+---++-------++---+--++--+++-+-+---+-+--+---+----+++--- 2.78887945874195 0.001626 C T 0.078121 0.010628 2.04644463672467e-13 20859
12 7 540741 rs1800814 A G 0.0146974807605841 0.0212 0.4901 1 0.516 0.512 0.336 35476.73 30446 161627 -+????-???-++-+-?+-??--+--?++?++?++-+++-+++--+??-+++----+ 0.30971529748737 0.4901 G A 0.064876 0.009799 3.66437574647833e-11 20859
13 4 54032319 rs6554068 A G -0.0077995046323818 0.0097 0.4178 1 0.367 0.356 0.997 50981.48 41917 371549 -+++--+++++-++-+--+--+-++--++++--+--+-+---+--++----+--+++ 0.37903156435571 0.4178 G A -0.080162 0.010065 1.7378008287493802e-15 20859
14 1 156615114 rs2365715 G A -0.0097027754613851 0.0107 0.3647 4 0.615 0.612 0.82 50035.72 40997 370576 +++-----+++++----++-?++++--++++---+-+-+-++-----+-+++-+--+ 0.438064236686219 0.3647 A G 0.063918 0.010527 1.2885462162679701e-09 20859
15 3 183363538 rs10513794 A G 0.0074980401773571 0.013 0.5625 12 0.843 0.85 0.986 50981.48 41917 371549 ++--+--+-+-+++++++-+-++----++++--+++-+---++-+----+-++---+ 0.2498774732166 0.5625 G A 0.086273 0.013287 8.60993752184602e-11 20859
16 5 81860791 rs4703898 G A 0.0150019689183474 0.0098 0.126 1 0.653 0.655 0.993 50981.48 41917 371549 -+--++----++++++++---+++---+-+++++--++++--------+----+--- 0.899629454882437 0.126 A G -0.057607 0.010401 3.08460813775715e-08 20859
17 5 82858014 rs3852188 G C 0.0203047533403643 0.0116 0.07913 1 0.797 0.803 0.995 50981.48 41917 371549 -+---+-+-++-------+-------+-+--++++--+++-+---++---+-++-+- 1.10165883427249 0.07913 C G -0.17836 0.012284 1.54881661891247e-47 20859
18 5 82728926 rs33593 G A 0.0098988321792475 0.0096 0.3015 1 0.391 0.382 0.989 50981.48 41917 371549 ++--------+--+-----++---+-+----++----++-++--+++++-++--+-+ 0.52071268352383 0.3015 A G -0.072462 0.010132 8.83079900418562e-13 20859
19 1 65307994 rs2780818 G T -0.0159028762794155 0.0109 0.1437 1 0.756 0.762 0.998 50981.48 41917 371549 -++++-++++-+--++++-+++--+-+-++--++-++++++--++---++-++-+-- 0.842543231865774 0.1437 T G 0.069356 0.011726 3.3814268747382703e-09 20859
20 4 103204358 rs233821 G A 0.0073972926304747 0.0097 0.4465 20 0.619 0.642 0.986 50981.48 41917 371549 -+--+--+-++--+-++-++---+--++++-+--+--+-----+-++-+++-+--+- 0.350178536775435 0.4465 A G -0.055546 0.010169 4.75882790988817e-08 20859
