 CHROM POS SNP A1_y A2_y b_y se_y PVAL NGT FCAS FCON IMPINFO NEFFDIV2 NCAS NCON DIRE pval(-log10) p_y A2 A1 b se P N
1 1 215145327 rs12123237 T C -0.0185960172820726 0.0189 0.3253 1 0.93 0.93 0.933 50890.96 41773 371483 +-+-+--+-++++-+--+-+-+-----++-+++--+--++--+++-+--+-+-+-?- 0.487715936718147 0.3253 C T -0.10673 0.019286 3.16664952749209e-08 20859
2 12 118461574 rs9739560 A T 0.0016012813669738 0.0096 0.8717 1 0.576 0.571 0.959 50981.48 41917 371549 -++--------+-+--+-++++--+++++---+-+-++++--++++-+-+----+++ 0.0596329540143348 0.8717 T A -0.058016 0.010018 7.09741173094462e-09 20859
3 6 32583529 rs6941972 A G -0.0291023874205329 0.0183 0.1121 1 0.878 0.808 0.61 48054.91 39762 328509 -+-+--+-+-+-+++++--+?--+-++++-++-+-+-+--+---++--+?+-?++?- 0.950394387405027 0.1121 G A 0.077927 0.013523 8.406205448507711e-09 20859
4 4 185136805 rs1882327 G A 0.0059979518036359 0.0095 0.5275 8 0.438 0.447 0.98 50981.48 41917 371549 ---+--+--+-+-++-+-++-+-++--+++----+--+++-+++-+-+-+--++--+ 0.27777753603027 0.5275 A G 0.083482 0.0098317 2.18272991184299e-17 20859
5 17 19438560 rs2453581 T C 0.0163021610829842 0.01 0.1015 1 0.607 0.598 0.934 50035.72 40997 370576 -++++-+-+--+---+++-+?-++-+-+++-+++-++-+++-+++-+-+-++--+++ 0.993533957750768 0.1015 C T -0.057191 0.010115 1.58781536420562e-08 20859
6 8 130645692 rs55705857 G A -0.0135971385060249 0.0214 0.5255 1 0.939 0.934 0.833 49826.66 40667 370423 -+-++++-++-+-+++++--?++-++---++-+++++----+--+++++-+-?--?- 0.279427279635739 0.5255 A G -0.12705 0.021515 3.57684400576475e-09 20859
7 16 51451683 rs17616633 C T 0.0128015918372089 0.0094 0.1744 2 0.436 0.426 0.992 50981.48 41917 371549 ++-----+-++----+++--+-+++-+--+-+-++-+++--------+-+++-+-+- 0.758453519403452 0.1744 T C -0.095489 0.0098896 5.18800038928961e-22 20859
8 8 101680292 rs1693560 G A 0.0116981574124923 0.0092 0.206 1 0.536 0.558 0.985 50981.48 41917 371549 +++---+-+-----++++++----------+-+-+---+---++--+--+---++-+ 0.686132779630847 0.206 A G -0.06782 0.0098144 4.9773708497893496e-12 20859
9 17 42994794 rs72828815 T C -0.014504302202808 0.0122 0.2349 1 0.816 0.847 0.981 50981.48 41917 371549 +--+-------++-+--+---++-+--+-+++++++---+-+-++--+++--++--+ 0.629116983222394 0.2349 C T 0.099191 0.012705 6.1235039172477506e-15 20859
10 11 61733600 rs2019413 C G 0.0176956485356892 0.0112 0.1132 1 0.767 0.784 0.986 50981.48 41917 371549 --+-+-----+-++++++-+---+-----++-+---++----+++++--+++--+-+ 0.946153573147747 0.1132 G C -0.069521 0.01158 1.96516943149691e-09 20859
11 22 30950360 rs2267158 C T -0.0347974835421732 0.01 0.0005227 10 0.679 0.676 0.978 50981.48 41917 371549 -+-+++--+++++++--+++-++--++---+-+-+++-+-++-+++-++++-+-++- 3.28174749990225 0.0005227 T C 0.069291 0.010582 5.97035286583837e-11 20859
12 7 134381983 rs34845444 T C -0.0069954745123864 0.0098 0.4771 1 0.65 0.645 0.993 50981.48 41917 371549 --+--+-+--+++-+-+-+--+--+--++++++-+-+---+--+---+--+----++ 0.321390583441074 0.4771 C T 0.058942 0.010305 1.08292904004804e-08 20859
13 16 87235916 rs4240791 A G 0.0152963956259917 0.0096 0.1117 1 0.394 0.399 0.982 50981.48 41917 371549 ++++++++-+-++++----++--+-+++++++-+--+--++++---+++-++----+ 0.951946826884391 0.1117 G A -0.062737 0.01 3.5991504399995403e-10 20859
14 5 82859065 rs17205972 T G 0.0193969096107316 0.0116 0.09314 1 0.796 0.802 0.998 50981.48 41917 371549 +-+++---+--+++++++-+++++++-+-++----++---+-+++--+++-+--+++ 1.03086376640329 0.09314 G T -0.10187 0.012281 1.1561122421921e-16 20859
15 4 103001649 rs1813006 T G 0.0482977854077521 0.0217 0.0264 16 0.944 0.968 0.924 50738.01 41672 371168 +--+-++++-++--++---+++--+-+++---+++++++++----+-+-++++?+?- 1.57839607313017 0.0264 G T -0.12189 0.02176 2.1512951592892e-08 20859
16 9 113688082 rs10980634 G A 0.0012007205765188 0.0136 0.9279 12 0.864 0.856 0.99 50981.48 41917 371549 ++--+-+++++--+----+++-----++---+-+++++-++--+--++-+++--++- 0.0324988252771586 0.9279 A G 0.10375 0.014273 3.75837404288444e-13 20859
