 CHROM POS SNP A1_y A2_y b_y se_y PVAL NGT FCAS FCON IMPINFO NEFFDIV2 NCAS NCON DIRE pval(-log10) p_y A2 A1 b se P N
1 1 215139887 rs1452628 T A 0.013004189135254 0.0097 0.1808 5 0.627 0.626 0.976 50981.48 41917 371549 ---+-++-+----+++----+--++++---+---+---+-+----++-+-++---+- 0.742801573860655 0.1808 A T -0.057365 0.010119 1.45713570473042e-08 20859
2 12 118461574 rs9739560 A T 0.0016012813669738 0.0096 0.8717 1 0.576 0.571 0.959 50981.48 41917 371549 -++--------+-+--+-++++--+++++---+-+-++++--++++-+-+----+++ 0.0596329540143348 0.8717 T A -0.069662 0.010015 3.6057864302164296e-12 20859
3 6 39798357 rs9471180 C A -0.0061013488579762 0.0115 0.5946 1 0.765 0.769 0.983 47077.45 39945 178947 ++-++--++-+++--++---+--+-+++-+----+---+-+++----?++++-++-+ 0.225775095131081 0.5946 A C -0.065308 0.011414 1.0700399687349e-08 20859
4 7 18911789 rs6951144 G C 0.0006001800720324 0.0098 0.9474 1 0.622 0.629 0.974 50981.48 41917 371549 ++++-+-++++-++-++-++----++--+-+++--+-----+--+--++-+-++--- 0.0234666196080621 0.9474 C G -0.05755 0.010214 1.77909852656515e-08 20859
5 4 185124305 rs4862340 A G -0.0089993837968006 0.0096 0.3463 1 0.596 0.596 0.976 50981.48 41917 371549 ---+--+-+----+--+-++-+-+---+-+----++-+-+-++++--+--------- 0.460547508450539 0.3463 G A -0.097106 0.0099808 2.52348077248058e-22 20859
6 17 19432393 rs11871125 T C 0.0168003386783461 0.01 0.09389 1 0.606 0.596 0.927 50035.72 40997 370576 -++++-+-+--+---+++-+?-++-+-+++-+++-++-+++-+++-+-+-++--+++ 1.02738066094038 0.09389 C T -0.063566 0.010137 3.66606364249471e-10 20859
7 8 130617692 rs143893586 G T -0.004201162744548 0.0209 0.8397 1 0.935 0.928 0.828 49826.66 40667 370423 -+-+++-+-+++-++-----?+--++---++++++--+-----+-++++---?--?- 0.0758758468141752 0.8397 T G -0.11897 0.020732 9.67609224577727e-09 20859
8 4 24035473 rs619646 C T -0.0171029078996623 0.0125 0.1711 1 0.835 0.819 0.999 50981.48 41917 371549 ++++++--++++++------+---+++-+--++-+--+++++--+-++-+-+++--+ 0.7667499904589 0.1711 T C 0.075905 0.01327 1.0782016695999e-08 20859
9 16 51451683 rs17616633 C T 0.0128015918372089 0.0094 0.1744 2 0.436 0.426 0.992 50981.48 41917 371549 ++-----+-++----+++--+-+++-+--+-+-++-+++--------+-+++-+-+- 0.758453519403452 0.1744 T C -0.10357 0.0098857 1.27350308101666e-25 20859
10 8 101680292 rs1693560 G A 0.0116981574124923 0.0092 0.206 1 0.536 0.558 0.985 50981.48 41917 371549 +++---+-+-----++++++----------+-+-+---+---++--+--+---++-+ 0.686132779630847 0.206 A G -0.059011 0.0098172 1.8736997549896603e-09 20859
11 15 61947280 rs12438742 G C 0.0010005003335835 0.0094 0.912 1 0.445 0.447 0.992 50981.48 41917 371549 +-++------+---+---+++-+-+--+--+++++------+-+++--++++-+++- 0.0400051616715838 0.912 C G 0.057854 0.0099143 5.44377290906649e-09 20859
12 17 42994794 rs72828815 T C -0.014504302202808 0.0122 0.2349 1 0.816 0.847 0.981 50981.48 41917 371549 +--+-------++-+--+---++-+--+-+++++++---+-+-++--+++--++--+ 0.629116983222394 0.2349 C T 0.10877 0.012701 1.16680961706096e-17 20859
13 11 61733600 rs2019413 C G 0.0176956485356892 0.0112 0.1132 1 0.767 0.784 0.986 50981.48 41917 371549 --+-+-----+-++++++-+---+-----++-+---++----+++++--+++--+-+ 0.946153573147747 0.1132 G C -0.063341 0.011582 4.58247389928457e-08 20859
14 22 30950360 rs2267158 C T -0.0347974835421732 0.01 0.0005227 10 0.679 0.676 0.978 50981.48 41917 371549 -+-+++--+++++++--+++-++--++---+-+-+++-+-++-+++-++++-+-++- 3.28174749990225 0.0005227 T C 0.05818 0.010585 3.9219314633265e-08 20859
15 22 38170026 rs1129448 A G -0.0052959516591825 0.0096 0.5848 1 0.383 0.344 0.993 50981.48 41917 371549 ++-+-++++----+-+++-+--+-++++-+-+-+---+--++--++-+---+-++-+ 0.232992636050196 0.5848 G A 0.057382 0.010131 1.49726957613185e-08 20859
16 7 134388544 rs6973339 T G -0.0109003744682883 0.0103 0.2891 19 0.65 0.651 0.991 43445.24 38084 103625 --+--+-+--+++-+-+-+--+--++-++++0+-+-+---+--+---??-?----++ 0.538951908329342 0.2891 G T 0.062106 0.010321 1.80094313444192e-09 20859
17 10 25052730 rs6482440 G A 0.0127003085782322 0.01 0.2016 1 0.33 0.336 0.989 50981.48 41917 371549 --+---+--++---+-+++-+--+-+--+--+++-+++--+-+-+-+-+--+-+-++ 0.695509472226512 0.2016 A G -0.069246 0.010354 2.3227367963570998e-11 20859
18 16 87225143 rs4843560 G A 0.0087985943563496 0.0096 0.3558 1 0.384 0.394 0.991 50981.48 41917 371549 -+------+-+-+--++++--++-+------++-++-++----+++---+-++++++ 0.448794056252094 0.3558 A G -0.070812 0.010113 2.6061535499988996e-12 20859
19 5 82861400 rs13164785 G T 0.019294956182969 0.0116 0.09552 38 0.797 0.803 1.0 50981.48 41917 371549 -+---+-+-++-------+---------+--+-++--+++-+---++---+-++--- 1.01990568621471 0.09552 T G -0.10234 0.012334 1.1297959146728002e-16 20859
20 9 113651161 rs4556147 T A -0.0038027603329278 0.0114 0.7404 1 0.784 0.767 0.975 50981.48 41917 371549 +-++--+-++---++---++-++---++++---++++-+-+--++-++-+++---+- 0.130533589919134 0.7404 A T 0.10097 0.011793 1.1830415557251701e-17 20859
